10 1EG	S10 1EG
10 1QP	S10 1QP
10 2DH	N10 2DH
10 2LB	S10 2LB
10 2LR	S10 2LR
10 2QT	S10 2QT
10 3ED	S10 3ED
105UR	W10 5UR
10 5UR	W10 5UR
10 6HJ	E10 6HJ
10 6HU	E10 6HU
10 9EP	B10 9EP
1 0DE	E1 0DE
1 0XH	N1 0XH
11 1BG	E11 1BG
11 1GJ	M11 1GJ
11 1JT	E11 1JT
11 1PH	W11 1PH
11 1QJ	B11 1QJ
11 2DE	E11 2DE
11 2NN	W11 2NN
11 5DZ	G11 5DZ
1 1EJ	N1 1EJ
1 1HE	E1 1HE
11JR	E1 1JR
1 1JX	E1 1JX
12 0TR	G12 0TR
12 0UE	G12 0UE
12 5EN	E12 5EN
12 8AQ	G12 8AQ
12 8BP	W12 8BP
12 8EN	N12 8EN
12 8NJ	B12 8NJ
12 9PY	B12 9PY
12 9UB	N12 9UB
1 2AT	N1 2AT
1 2BL	M1 2BL
1 2EJ	N1 2EJ
1 2HX	N1 2HX
1 2XD	N1 2XD
13 0EA	M13 0EA
13 0QR	E13 0QR
13 0SH	B13 0SH
13 1AF	G13 1AF
13 1DL	L13 1DL
132AW	L13 2AW
13 2AW	L13 2AW
13 4SY	N13 4SY
13 8JP	B13 8JP
138QW	W13 8QW
13 9ES	B13 9ES
13 9PL	M13 9PL
13 9TT	W13 9TT
1 3EX	E1 3EX
1 3JL	N1 3JL
1 3QP	N1 3QP
14 0AS	E14 0AS
14 0BY	E14 0BY
14 0LN	E14 0LN
14 2DU	E14 2DU
14 3BT	E14 3BT
14 3DE	E14 3DE
14 3DN	E14 3DN
14 3EW	E14 3EW
14 3FA	E14 3FA
14 3GL	E14 3GL
14 3GR	E14 3GR
14 3HA	E14 3HA
14 3HB	E14 3HB
14 3JF	E14 3JF
14 3LP	E14 3LP
14 3NE	E14 3NE
14 3WB	E14 3WB
14 3WN	E14 3WN
14 3WW	E14 3WW
14 4AQ	B14 4AQ
14 4HD	N14 4HD
14 4PB	B14 4PB
14 4RE	M14 4RE
14 4XA	N14 4XA
14 5BH	N14 5BH
14 5GB	E14 5GB
14 6AF	E14 6AF
14 6HD	M14 6HD
14 6HS	E14 6HS
14 6HT	E14 6HT
14 6JN	E14 6JN
14 6JX	B14 6JX
14 6PU	M14 6PU
146QY	B14 6QY
14 7DU	N14 7DU
14 7HN	M14 7HN
14 7HT	E14 7HT
14 7HW	E14 7HW
14 7JZ	E14 7JZ
14 7LU	E14 7LU
14 7RH	E14 7RH
14 7TH	E14 7TH
14 7TW	E14 7TW
14 8AD	E14 8AD
14 8AS	E14 8AS
14 8AX	E14 8AX
14 8BP	E14 8BP
14 8DE	E14 8DE
14 8HU	E14 8HU
14 8HZ	E14 8HZ
14 8SH	E14 8SH
14 8XL	W14 8XL
14 9EU	E14 9EU
14 9GE	E14 9GE
14 9RP	W14 9RP
14 9SL	E14 9SL
14 9WH	E14 9WH
14 9YQ	E14 9YQ
1 4LX	M1 4LX
15 1ES	E15 1ES
15 2LG	E15 2LG
15 4HB	L15 4HB
15 4HY	L15 4HY
15 4JA	N15 4JA
15 4LE	L15 4LE
15 4LT	L15 4LT
15 4ND	L15 4ND
15 5AE	L15 5AE
15 5AZ	N15 5AZ
15 5EH	M15 5EH
15 5JX	M15 5JX
15 8JE	L15 8JE
15 8JJ	L15 8JJ
15 8JL	L15 8JL
1 5AW	E1 5AW
1 5JQ	E1 5JQ
1 5LD	E1 5LD
1 5NS	E1 5NS
16 1HN	E16 1HN
161PJ	E16 1PJ
161TD	E16 1TD
16 1TD	E16 1TD
16 5DE	N16 5DE
16 5JE	N16 5JE
16 5UN	N16 5UN
16 5UP	N16 5UP
16 8AB	B16 8AB
16 8GL	N16 8GL
1 6LE	N1 6LE
1 6ND	E1 6ND
1 6QR	E1 6QR
17 0AB	L17 0AB
17 0DE	L17 0DE
17 3AG	L17 3AG
17 3BY	L17 3BY
174DL	S17 4DL
17 4DL	S17 4DL
17 4JG	E17 4JG
17 4LA	L17 4LA
17 4LB	L17 4LB
17 4LD	L17 4LD
17 4LG	L17 4LG
17 4LQ	L17 4LQ
17 4PX	E17 4PX
17 6AB	L17 6AB
17 6QD	E17 6QD
17 6XA	N17 6XA
17 7AJ	L17 7AJ
17 7AP	E17 7AP
17 7AQ	L17 7AQ
17 8EG	B17 8EG
17 8JJ	B17 8JJ
17 8QR	E17 8QR
17 9EN	N17 9EN
17 9NL	E17 9NL
17 9PZ	L17 9PZ
17AY	L1 7AY
1 7AY	L1 7AY
1 7LS	E1 7LS
17RL	N1 7RL
1 7RL	N1 7RL
1 7SA	E1 7SA
18 1HY	L18 1HY
18 1JD	L18 1JD
18 1JG	L18 1JG
18 1NE	E18 1NE
18 2QQ	E18 2QQ
18 7JU	M18 7JU
18 7LJ	M18 7LJ
18 8UQ	M18 8UQ
1 8PS	N1 8PS
1 8QD	N1 8QD
1 8QP	N1 8QP
19 0PB	L19 0PB
19 0PE	L19 0PE
19 0PG	L19 0PG
19 0PH	L19 0PH
19 1AS	M19 1AS
19 1QY	M19 1QY
192AQ	M19 2AQ
19 3HZ	N19 3HZ
19 3LX	M19 3LX
19 3RE	N19 3RE
19 4UD	L19 4UD
19 5JX	N19 5JX
19 9DJ	L19 9DJ
1H 5PR	W1H 5PR
1T2AN	W1T 2AN
1W 1LH	E1W 1LH
1W 1LY	E1W 1LY
1W 1PN	E1W 1PN
1W 2QJ	E1W 2QJ
1W 3AU	E1W 3AU
1W 7EQ	W1W 7EQ
20 0BS	N20 0BS
20 0SN	G20 0SN
20 3LJ	M20 3LJ
20 4PL	M20 4PL
20 4PQ	M20 4PQ
20 4TQ	L20 4TQ
20 5EJ	S20 5EJ
20 5NF	M20 5NF
20 6AS	M20 6AS
20 6BT	G20 6BT
20 6LW	G20 6LW
20 7AA	G20 7AA
20 7DT	G20 7DT
20 8NT	G20 8NT
20 8NZ	G20 8NZ
2 0BU	E2 0BU
2 0JD	E2 0JD
2 0JU	N2 0JU
2 0NJ	E2 0NJ
2 0SZ	E2 0SZ
21 0SW	M21 0SW
21 3EL	N21 3EL
21 3TZ	G21 3TZ
21 7RF	M21 7RF
22 3XN	L22 3XN
22 4HH	M22 4HH
22 5HY	N22 5HY
2 2RR	S2 2RR
23 5ST	B23 5ST
2 4HR	W2 4HR
25 8RF	L25 8RF
25 9QZ	L25 9QZ
2 5UX	W2 5UX
26 2HD	B26 2HD
2 6GF	E2 6GF
2 6HT	W2 6HT
2 6PY	E2 6PY
27 6HH	B27 6HH
27 8XF	M27 8XF
2 7AJ	E2 7AJ
2 7EH	E2 7EH
28 0AD	B28 0AD
28 0HP	B28 0HP
28 0PZ	B28 0PZ
28 1BS	B28 1BS
28 9AD	B28 9AD
2 8HN	E2 8HN
29 7NS	B29 7NS
29 7SB	B29 7SB
29 8NH	M29 8NH
2 9BU	E2 9BU
2 9HT	E2 9HT
2 9JD	E2 9JD
2 9JY	E2 9JY
2 9LU	E2 9LU
2 9PA	E2 9PA
2 9PL	E2 9PL
30 1JD	B30 1JD
30 2EB	B30 2EB
30 2YS	B30 2YS
31 1ND	B31 1ND
31 2HB	L31 2HB
31 3HU	B31 3HU
31 7AP	L31 7AP
32 0AQ	M32 0AQ
32 8LL	M32 8LL
3 2DA	E3 2DA
3 2HB	L3 2HB
3 2HZ	E3 2HZ
3 2NA	E3 2NA
33 2TT	M33 2TT
33 6HB	M33 6HB
33 9HQ	S33 9HQ
3 3BD	E3 3BD
3 3EY	E3 3EY
3 3JD	E3 3JD
3 3PY	E3 3PY
34 5QR	M34 5QR
3 4BH	E3 4BH
34EP	M3 4EP
3 4EP	M3 4EP
3 4EX	L3 4EX
35 0AR	S35 0AR
35 7AL	S35 7AL
35 7RA	B35 7RA
35 9QY	M35 9QY
3 5AA	E3 5AA
3 5BY	E3 5BY
3 5JG	E3 5JG
3 5NF	E3 5NF
3 5TR	L3 5TR
36  9EF	S36 9EF
3 6AY	W3 6AY
3 6BA	W3 6BA
3 6BH	M3 6BH
3 6HS	G3 6HS
3 6HU	M3 6HU
3 6LG	G3 6LG
3 6SX	W3 6SX
3 7LR	W3 7LR
3 8AP	G3 8AP
3 8PD	G3 8PD
3 8SH	S3 8SH
39 2YT	L39 2YT
39 4UJ	L39 4UJ
39 6RW	L39 6RW
3 9BZ	L3 9BZ
3 9HB	W3 9HB
39JD	S3 9JD
3 9JD	S3 9JD
3 9PY	W3 9PY
3 9RG	W3 9RG
40 1LZ	M40 1LZ
40 1PS	M40 1PS
40 2TB	M40 2TB
40 7EB	M40 7EB
40 7NT	M40 7NT
40 7SL	L40 7SL
40 7TQ	L40 7TQ
40 8AA	M40 8AA
410BP	S41 0BP
41 3YN	G41 3YN
4 1BX	N4 1BX
4 1FF	N4 1FF
4 1LR	W4 1LR
4 1LS	N4 1LS
4 1LX	M4 1LX
41QQ	N4 1QQ
4 1QQ	N4 1QQ
42 2AU	B42 2AU
42 8UB	G42 8UB
42 8XN	G42 8XN
4 2AT	N4 2AT
43 2RL	G43 2RL
43 7HY	B43 7HY
4 3HS	N4 3HS
4 3RB	N4 3RB
44 9DD	B44 9DD
4 4DJ	N4 4DJ
4 4DS	M4 4DS
4 4NJ	N4 4NJ
45 9JJ	G45 9JJ
46 1RY	B46 1RY
463LD	B46 3LD
46 3LD	B46 3LD
46 8AG	G46 8AG
46 9NR	M46 9NR
4 6AY	B4 6AY
4 8HA	E4 8HA
4 9NX	E4 9NX
4 9SX	G4 9SX
5 0NE	E5 0NE
51 1QB	G51 1QB
5 1AP	W5 1AP
5 2JX	N5 2JX
5 2RX	N5 2RX
60 2PP	S60 2PP
60 3PG	B60 3PG
60 4AD	B60 4AD
60 5UH	S60 5UH
60XF	W6 0XF
61 0PP	B61 0PP
61 2AT	G61 2AT
61 4JN	G61 4JN
6 1WS	S6 1WS
63 8JR	S63 8JR
64 5AX	B64 5AX
64QG	S6 4QG
6 4QG	S6 4QG
65 1LE	S65 1LE
66 8DT	S66 8DT
67 1EZ	G67 1EZ
6 7FW	M6 7FW
6 7HB	W6 7HB
68 9JT	G68 9JT
68 9JU	G68 9JU
6 8HE	W6 8HE
68HS	W6 8HS
6 8ND	L6 8ND
6 8QQ	M6 8QQ
69 7ZA	L69 7ZA
7 0AT	N7 0AT
7 0LT	E7 0LT
7 0NQ	E7 0NQ
7 0SH	N7 0SH
71 2QJ	B71 2QJ
7 1GF	S7 1GF
72 1LY	B72 1LY
72 7EB	S72 7EB
730PP	S73 0PP
73 4RA	G73 4RA
73 5XJ	B73 5XJ
738DR	S73 8DR
75 1DN	S75 1DN
75 2EF	S75 2EF
75 6NB	B75 6NB
76 2PT	B76 2PT
78 1QT	B78 1QT
78 1SL	G78 1SL
79 7BX	B79 7BX
79 8NF	B79 8NF
80 2JD	S80 2JD
8 0BL	N8 0BL
8 0NJ	N8 0NJ
8 1EY	E8 1EY
8 1YQ	L8 1YQ
8 2LR	E8 2LR
8 2UW	L8 2UW
8 3SD	L8 3SD
8 4TX	L8 4TX
8 7AL	W8 7AL
8 7BU	N8 7BU
8 7NG	L8 7NG
8 7NJ	S8 7NJ
8 7PE	L8 7PE
8 9TP	S8 9TP
90 1AH	B90 1AH
90 2DL	B90 2DL
90 4PX	B90 4PX
90 4SF	B90 4SF
91 1AB	B91 1AB
91 3FD	B91 3FD
913XA	B91 3XA
91 3XA	B91 3XA
9 2BT	W9 2BT
9 3DS	W9 3DS
9 4PG	B9 4PG
9 5SW	M9 5SW
9 7HW	E9 7HW
9 7TA	E9 7TA
98 0JR	B98 0JR
9 8BQ	L9 8BQ
A10 7JL	KA10 7JL
A111NX	BA11 1NX
A11 1NX	BA11 1NX
A11 1PX	BA11 1PX
A11 2ER	KA11 2ER
A11 5AS	BA11 5AS
A1 1QS	DA1 1QS
A1 1XB	DA1 1XB
A12 9BJ	SA12 9BJ
A12 9EE	KA12 9EE
A1 2LQ	DA1 2LQ
A1 2LX	BA1 2LX
A1 2RN	PA1 2RN
A1 2TL	DA1 2TL
A1 2TX	BA1 2TX
A13 0RX	WA13 0RX
A13 5LW	TA13 5LW
A1 3AF	BA1 3AF
A1 3ES	LA1 3ES
A1 3LB	PA1 3LB
A1 3RR	KA1 3RR
A14 4JW	DA14 4JW
A14 8QE	BA14 8QE
A14 8WB	SA14 8WB
A1 4AA	LA1 4AA
A14EU	LA1 4EU
A1 4EU	LA1 4EU
A1 4PX	LA1 4PX
A14QT	SA1 4QT
A1 4RL	HA1 4RL
A1 4SA	LA1 4SA
A15 2PU	BA15 2PU
A15 7LH	DA15 7LH
A15 8JA	WA15 8JA
A158JR	LA15 8JR
A1 5DJ	LA1 5DJ
A175BG	PA17 5BG
A17 5BG	PA17 5BG
A17 5JZ	DA17 5JZ
A18 1PN	SA18 1PN
A18 3LZ	SA18 3LZ
A18 4BD	DA18 4BD
A1 8DN	SA1 8DN
A19 8BA	SA19 8BA
A2 0ES	HA2 0ES
A2 0JP	SA2 0JP
A2 0NA	SA2 0NA
A2 0YA	SA2 0YA
A2 1EB	BA2 1EB
A23 8ER	PA23 8ER
A246AN	TA24 6AN
A2 4NQ	CA2 4NQ
A2 6LR	TA2 6LR
A27AY	CA2 7AY
A2 7EL	PA2 7EL
A28 6SW	CA28 6SW
A28 7JG	CA28 7JG
A2 9EL	PA2 9EL
A2 9TW	HA2 9TW
A30 8AA	KA30 8AA
A3 1HE	WA3 1HE
A3 1QF	LA3 1QF
A3 2BW	BA3 2BW
A3 2DD	SA3 2DD
A3 3AH	WA3 3AH
A3 3BE	BA3 3BE
A3 3BG	WA3 3BG
A3 3QU	LA3 3QU
A35AH	SA3 5AH
A3 5AT	KA3 5AT
A3 5DX	SA3 5DX
A3 5LG	SA3 5LG
A3 6JB	KA3 6JB
A37 1PZ	PA37 1PZ
A37 1QF	PA37 1QF
A3 7PF	WA3 7PF
A3 7UP	KA3 7UP
A3 8QP	DA3 8QP
A4 4UU	LA4 4UU
A4 5DD	WA4 5DD
A4 5QD	WA4 5QD
A46 0HA	SA46 0HA
A4 6DX	HA4 6DX
A4 6NT	LA4 6NT
A47XN	HA4 7XN
A4 8UQ	HA4 8UQ
A4 9DP	PA4 9DP
A5 1QQ	DA5 1QQ
A5 2JS	WA5 2JS
A5 9EA	WA5 9EA
A62 3HF	SA62 3HF
A62 3QB	SA62 3QB
A626EN	SA62 6EN
A6 7AF	WA6 7AF
A6 7RD	WA6 7RD
A6 9LT	BA6 9LT
A71 4EA	SA71 4EA
A7 1QP	KA7 1QP
A7 2AW	KA7 2AW
A73AH	KA7 3AH
A7 3AH	KA7 3AH
A74HF	KA7 4HF
A7 4JD	WA7 4JD
A7 4QR	KA7 4QR
A7 5HG	CA7 5HG
A7 6SA	DA7 6SA
A7 9XT	SA7 9XT
A8 7QF	WA8 7QF
A8 8WG	WA8 8WG
A9 3PB	CA9 3PB
A94FX	WA9 4FX
A9 4FX	WA9 4FX
A9 4QY	LA9 4QY
A9 7AW	LA9 7AW
A9 8PH	HA9 8PH
A9 8QG	HA9 8QG
B10 1QR	CB10 1QR
B10 2EH	CB10 2EH
B10 7AJ	AB10 7AJ
B10 7AR	AB10 7AR
B10 8BP	UB10 8BP
B10 8BS	UB10 8BS
B109AT	UB10 9AT
B11 2LG	BB11 2LG
B11 6DN	AB11 6DN
B1 1DT	CB1 1DT
B11LA	CB1 1LA
B1 1LA	CB1 1LA
B1 1LD	CB1 1LD
B1 1RF	BB1 1RF
B1 1SW	BB1 1SW
B12 3LR	AB12 3LR
B1 2EA	CB1 2EA
B12LD	CB1 2LD
B1 2LG	CB1 2LG
B1 2LX	CB1 2LX
B1 2QG	CB1 2QG
B1 3AR	CB1 3AR
B1 3DW	CB1 3DW
B1 3JJ	CB1 3JJ
B1 3LS	CB1 3LS
B1 3ND	CB1 3ND
B1 3NX	CB1 3NX
B1 3PN	CB1 3PN
B1 3QB	CB1 3QB
B1 3QN	CB1 3QN
B1 3QP	CB1 3QP
B1 3SJ	CB1 3SJ
B15 7PP	AB15 7PP
B17PH	CB1 7PH
B1 7SX	CB1 7SX
B1 7SZ	CB1 7SZ
B1 7TA	CB1 7TA
B1 7TF	CB1 7TF
B1 7TL	CB1 7TL
B18 6PB	BB18 6PB
B1 8PA	CB1 8PA
B1 8QR	CB1 8QR
B1 8RP	CB1 8RP
B1 8RQ	CB1 8RQ
B1 9LF	CB1 9LF
B21 0JE	AB21 0JE
B21 5DZ	CB21 5DZ
B21 9UZ	AB21 9UZ
B2 1HW	CB2 1HW
B2 1RR	CB2 1RR
B2 1TQ	CB2 1TQ
B2 1XE	CB2 1XE
B22 3BB	CB22 3BB
B22 4LT	CB22 4LT
B22 5AW	CB22 5AW
B23 2SP	CB23 2SP
B23 4JE	CB23 4JE
B23 4LY	CB23 4LY
B23 5BP	CB23 5BP
B23 5DU	CB23 5DU
B23 5FJ	CB23 5FJ
B23 6AH	CB23 6AH
B23 6FG	CB23 6FG
B23 6GW	CB23 6GW
B23 8BN	CB23 8BN
B23 8EP	CB23 8EP
B23 8HH	CB23 8HH
B23 8XU	AB23 8XU
B2 3HU	CB2 3HU
B24 5JD	CB24 5JD
B24 8AW	CB24 8AW
B24 8QR	CB24 8QR
B24 8QZ	CB24 8QZ
B24 8RZ	CB24 8RZ
B24 8SA	CB24 8SA
B24 8TN	CB24 8TN
B24 8TS	CB24 8TS
B24 9LH	CB24 9LH
B25 0DF	CB25 0DF
B25 9BS	CB25 9BS
B25 9NY	CB25 9NY
B2 6LX	BB2 6LX
B2 7EB	CB2 7EB
B2 9JU	CB2 9JU
B2 9NX	CB2 9NX
B3 0EE	CB3 0EE
B3 0HW	CB3 0HW
B3 0LD	CB3 0LD
B3 0LL	CB3 0LL
B32 6WH	AB32 6WH
B3 9DQ	CB3 9DQ
B3 9EB	CB3 9EB
B3 9ET	CB3 9ET
B41 6BL	AB41 6BL
B41 6DT	AB41 6DT
B41 8AL	AB41 8AL
B41 8RR	AB41 8RR
B41AG	CB4 1AG
B4 1AG	CB4 1AG
B4 1AJ	CB4 1AJ
B4 1AT	CB4 1AT
B4 1EU	CB4 1EU
B41GF	CB4 1GF
B4 1HA	CB4 1HA
B4 1HJ	CB4 1HJ
B4 1LH	CB4 1LH
B4 1RY	CB4 1RY
B4 1SE	CB4 1SE
B4 2DG	CB4 2DG
B4 2DL	CB4 2DL
B4 2DT	CB4 2DT
B4 2HD	CB4 2HD
B4 2JQ	CB4 2JQ
B4 2NG	CB4 2NG
B4 2UA	CB4 2UA
B4 2UD	CB4 2UD
B4 3DA	CB4 3DA
B4 3DL	CB4 3DL
B4 3DW	CB4 3DW
B43ET	CB4 3ET
B4 3ET	CB4 3ET
B4 3HE	CB4 3HE
B4  3HG	CB4 3HG
B4 3HG	CB4 3HG
B4 3HR	CB4 3HR
B4 3HW	CB4 3HW
B4 3LT	CB4 3LT
B4 3PR	CB4 3PR
B4 3SA	CB4 3SA
B4 3SR	CB4 3SR
B43SS	CB4 3SS
B44 1SQ	AB44 1SQ
B45 3BL	AB45 3BL
B51 0EA	AB51 0EA
B51 5RE	AB51 5RE
B5 4RA	UB5 4RA
B5 8DJ	CB5 8DJ
B5 8DW	CB5 8DW
B5 8HP	CB5 8HP
B5 8LB	CB5 8LB
B5 8LD	CB5 8LD
B5 8PZ	CB5 8PZ
B5 8RS	CB5 8RS
B6 0JT	UB6 0JT
B62PB	CB6 2PB
B6 2PB	CB6 2PB
B62QE	CB6 2QE
B6 2QE	CB6 2QE
B6 2SR	CB6 2SR
B67PD	UB6 7PD
B7 4PP	CB7 4PP
B7 4QE	CB7 4QE
B7 9EJ	UB7 9EJ
B8 2JD	UB8 2JD
B8 3QW	UB8 3QW
B9 7BA	BB9 7BA
B9 7EN	BB9 7EN
B9 7JS	BB9 7JS
C1H 8AA	WC1H 8AA
C1H 9QA	WC1H 9QA
C1N 1AP	WC1N 1AP
C1N1AP	WC1N 1AP
C1N 1BL	WC1N 1BL
C1R 1XY	EC1R 1XY
C1R 5HT	EC1R 5HT
C1X 8PQ	WC1X 8PQ
C2A 3BP	WC2A 3BP
C2B 5LQ	WC2B 5LQ
C2B 5NF	WC2B 5NF
C2H 9AT	WC2H 9AT
C2H 9JS	WC2H 9JS
C2M 4NQ	EC2M 4NQ
C2P 2EJ	EC2P 2EJ
C2Y 8NH	EC2Y 8NH
D11 2EG	DD11 2EG
D1 2EH	DD1 2EH
D13 5XX	TD13 5XX
D14 6LE	BD14 6LE
D15 1HB	TD15 1HB
D1 5BQ	BD1 5BQ
D16 1TF	BD16 1TF
D17 1PB	WD17 1PB
D19 6XJ	WD19 6XJ
D20 0DW	BD20 0DW
D209DG	BD20 9DG
D20 9DG	BD20 9DG
D2 1BE	DD2 1BE
D23 2DR	WD23 2DR
D24 0AH	BD24 0AH
D25 9AP	WD25 9AP
D25 9FQ	WD25 9FQ
D3 0JX	BD3 0JX
D3 5TG	WD3 5TG
D3 6RR	DD3 6RR
D3 8HP	DD3 8HP
D3 9DT	BD3 9DT
D3 9HH	LD3 9HH
D3 9PH	LD3 9PH
D4 7RN	BD4 7RN
D5 0DU	WD5 0DU
D5 0JJ	WD5 0JJ
D5 3JA	DD5 3JA
D5 9DT	BD5 9DT
D5 9LH	BD5 9LH
D6 1BT	WD6 1BT
D7 3BW	BD7 3BW
D9 2NF	HD9 2NF
D9 6GJ	HD9 6GJ
E10 0LG	SE10 0LG
E10 8DH	SE10 8DH
E1 0QG	ZE1 0QG
E11 1RB	LE11 1RB
E11 1UX	PE11 1UX
E11 2AQ	LE11 2AQ
E11 2RA	LE11 2RA
E11 2SA	LE11 2SA
E112XE	PE11 2XE
E11 3DL	LE11 3DL
E113TU	LE11 3TU
E11 3TU	LE11 3TU
E114JS	LE11 4JS
E11 5GD	LE11 5GD
E11 5QH	SE11 5QH
E11 5SS	SE11 5SS
E11 6AR	SE11 6AR
E11 6DN	SE11 6DN
E117NP	DE11 7NP
E1 1EN	SE1 1EN
E1 1QT	SE1 1QT
E1 1SS	LE1 1SS
E12 1PQ	ME12 1PQ
E12 5AD	LE12 5AD
E12 6EU	DE12 6EU
E12 7EW	LE12 7EW
E127PH	NE12 7PH
E12 8EG	DE12 8EG
E12 8SS	SE12 8SS
E12AX	SE1 2AX
E1 2FB	SE1 2FB
E13 1RH	LE13 1RH
E13 5BN	SE13 5BN
E13 6NS	SE13 6NS
E13 7BS	DE13 7BS
E13 7ND	NE13 7ND
E13 8ES	ME13 8ES
E1 3RF	LE1 3RF
E1 3SD	SE1 3SD
E14 5RS	ME14 5RS
E1 4PF	SE1 4PF
E15 3JN	SE15 3JN
E15 6NR	SE15 6NR
E15 7DL	NE15 7DL
E15 7SF	NE15 7SF
E15 8EX	PE15 8EX
E15 8RS	PE15 8RS
E15 9DQ	PE15 9DQ
E1 5 9HT	PE15 9HT
E16 2HX	SE16 2HX
E16 2XF	SE16 2XF
E16 9AY	LE16 9AY
E1 6GF	LE1 6GF
E17 1BY	SE17 1BY
E17 2JX	SE17 2JX
E17 3LF	SE17 3LF
E17 3LY	SE17 3LY
E17 6DY	LE17 6DY
E18 6JD	ME18 6JD
E1 8SP	SE1 8SP
E19 1TU	PE19 1TU
E19 2AN	SE19 2AN
E19 2QJ	PE19 2QJ
E19 2RN	SE19 2RN
E193AF	SE19 3AF
E19 3DS	LE19 3DS
E19 6RW	ME19 6RW
E20 6PN	ME20 6PN
E20 7UE	SE20 7UE
E20 8AX	SE20 8AX
E20 8AY	SE20 8AY
E20 8ST	SE20 8ST
E21 6TF	PE21 6TF
E2 1BS	LE2 1BS
E22 2EL	DE22 2EL
E22 8DJ	SE22 8DJ
E2 2AJ	LE2 2AJ
E2 2DL	LE2 2DL
E23 2ES	SE23 2ES
E23 2PS	SE23 2PS
E23 3GU	NE23 3GU
E23 3HB	SE23 3HB
E23 3HT	SE23 3HT
E23 6HW	DE23 6HW
E23 8GB	DE23 8GB
E2 3AG	ME2 3AG
E2 3HB	ME2 3HB
E24 0JT	SE24 0JT
E24 0NS	SE24 0NS
E24 0PA	SE24 0PA
E24 9BG	SE24 9BG
E2 4XF	ME2 4XF
E25 1RE	PE25 1RE
E25 3JU	PE25 3JU
E2 5EF	LE2 5EF
E26 4BU	SE26 4BU
E26 4JE	NE26 4JE
E26 4LT	SE26 4LT
E26 5EU	SE26 5EU
E2 6TN	LE2 6TN
E273DA	PE27 3DA
E27 3XW	PE27 3XW
E27 6DN	PE27 6DN
E27 9DL	SE27 9DL
E2 7PT	LE2 7PT
E28 3EJ	PE28 3EJ
E28 3PR	PE28 3PR
E28 5RH	PE28 5RH
E287NA	NE28 7NA
E28 7NA	NE28 7NA
E2 8JS	PE2 8JS
E29 0JD	NE29 0JD
E2 9AJ	LE2 9AJ
E2 9JD	LE2 9JD
E2 9QP	LE2 9QP
E30 2QS	PE30 2QS
E30 3BD	NE30 3BD
E30 3ED	NE30 3ED
E30 3NQ	NE30 3NQ
E3 2EW	LE3 2EW
E3 2FA	LE3 2FA
E3 2PP	LE3 2PP
E3 2YQ	NE3 2YQ
E33 3NU	NE33 3NU
E3 3DH	LE3 3DH
E3 5LU	LE3 5LU
E3 6BY	PE3 6BY
E39HZ	ME3 9HZ
E3 9HZ	ME3 9HZ
E3 9NN	DE3 9NN
E3 9QP	LE3 9QP
E3 9RB	SE3 9RB
E4 1SD	SE4 1SD
E4 1TX	SE4 1TX
E42 6JZ	NE42 6JZ
E4 2EH	SE4 2EH
E4 2FL	LE4 2FL
E43 7DL	NE43 7DL
E4 3BB	ME4 3BB
E4 3GN	DE4 3GN
E46 1LW	NE46 1LW
E476HJ	NE47 6HJ
E47 7AU	NE47 7AU
E47 9QQ	NE47 9QQ
E4 7PT	LE4 7PT
E4 7ZB	LE4 7ZB
E49 9HF	NE49 9HF
E50HL	LE5 0HL
E5 0NL	SE5 0NL
E5 0PQ	SE5 0PQ
E5 1SE	NE5 1SE
E5 1SR	NE5 1SR
E5 3GE	DE5 3GE
E55 2ER	DE55 2ER
E560NR	DE56 0NR
E5 7DA	SE5 7DA
E5 8HX	DE5 8HX
E58QZ	SE5 8QZ
E5 9HW	SE5 9HW
E5 9NS	SE5 9NS
E5 9QN	SE5 9QN
E61 2SL	NE61 2SL
E6 1DF	SE6 1DF
E6 1SL	SE6 1SL
E6 2EB	NE6 2EB
E6 2HA	SE6 2HA
E6 2SE	SE6 2SE
E63 0XX	NE63 0XX
E63 8JE	NE63 8JE
E6 3JT	DE6 3JT
E6 4UY	NE6 4UY
E6 5XJ	NE6 5XJ
E66 1UW	NE66 1UW
E66 1YA	NE66 1YA
E670BR	LE67 0BR
E67 2QP	LE67 2QP
E67 3SN	LE67 3SN
E67 6HA	LE67 6HA
E67 6HG	LE67 6HG
E6 8DB	PE6 8DB
E6 8EA	PE6 8EA
E6 8EU	PE6 8EU
E6 8FJ	PE6 8FJ
E6 8JW	PE6 8JW
E6 8PA	PE6 8PA
E6 8TE	PE6 8TE
E7 1XT	PE7 1XT
E7 2JX	ME7 2JX
E7 2QU	ME7 2QU
E73 8EA	DE73 8EA
E7 4JH	ME7 4JH
E7 7NT	SE7 7NT
E7 7NX	SE7 7NX
E7 7QU	SE7 7QU
E8 2TE	NE8 2TE
E8 4RT	SE8 4RT
E8 5AW	SE8 5AW
E8 5PR	LE8 5PR
E8 6LL	LE8 6LL
E8 7SF	ME8 7SF
E8 9DZ	LE8 9DZ
E9 1JE	SE9 1JE
E9 2HB	SE9 2HB
E9 4DY	LE9 4DY
E9 4LW	SE9 4LW
E9 4SH	PE9 4SH
E9 9NH	ME9 9NH
F10 1EP	CF10 1EP
F10 4EJ	CF10 4EJ
F10 4NQ	CF10 4NQ
F105NU	CF10 5NU
F11 7AG	CF11 7AG
F11 7AL	CF11 7AL
F118BX	TF11 8BX
F119BW	CF11 9BW
F11 9DA	CF11 9DA
F119NN	CF11 9NN
F11 9NZ	CF11 9NZ
F1 1LP	TF1 1LP
F1 2LN	TF1 2LN
F131QX	WF13 1QX
F13 6AS	TF13 6AS
F14 0EZ	CF14 0EZ
F141NW	CF14 1NW
F14 2FD	CF14 2FD
F14 2SR	CF14 2SR
F14 3JR	CF14 3JR
F14 3UU	CF14 3UU
F1 4QW	WF1 4QW
F1 5DJ	TF1 5DJ
F1 5PU	WF1 5PU
F23 6PA	CF23 6PA
F23 6RB	CF23 6RB
F24 0LA	CF24 0LA
F24 1QX	CF24 1QX
F24 3DN	CF24 3DN
F24 4TJ	CF24 4TJ
F2 9JZ	TF2 9JZ
F31 4HD	CF31 4HD
F31 4HQ	CF31 4HQ
F32 7PS	CF32 7PS
F3 5RA	CF3 5RA
F37 1RX	CF37 1RX
F37 2HU	CF37 2HU
F39 0PW	CF39 0PW
F40 2BJ	CF40 2BJ
F42 5HL	CF42 5HL
F4 2AG	WF4 2AG
F4 3JR	TF4 3JR
F4 3QP	TF4 3QP
F44 0LB	CF44 0LB
F44 7PW	CF44 7PW
F4 4EH	WF4 4EH
F4 4HF	WF4 4HF
F45 3PL	CF45 3PL
F47 9NX	CF47 9NX
F47 9YS	CF47 9YS
F5 2EA	CF5 2EA
F5 2HA	CF5 2HA
F62 3DH	CF62 3DH
F64 1SP	CF64 1SP
F642SP	CF64 2SP
F7 5QW	TF7 5QW
F82 7SA	CF82 7SA
F83 3EE	CF83 3EE
F83 3QW	CF83 3QW
F83 4AQ	CF83 4AQ
F83 8QL	CF83 8QL
F8 4NR	WF8 4NR
G10 1PB	IG10 1PB
G10 3FP	NG10 3FP
G10 4FE	NG10 4FE
G10 8AY	RG10 8AY
G10 9JL	RG10 9JL
G110AN	NG11 0AN
G11 0AX	NG11 0AX
G11 7BX	NG11 7BX
G11 7BY	NG11 7BY
G11 7XD	IG11 7XD
G11 9EY	IG11 9EY
G1 1EA	IG1 1EA
G1 1EU	IG1 1EU
G1 1XT	SG1 1XT
G12 1AD	NG12 1AD
G12 1RP	RG12 1RP
G12 5GG	NG12 5GG
G129JW	RG12 9JW
G1 2BH	SG1 2BH
G1 2SW	RG1 2SW
G13 8LE	NG13 8LE
G1 3LB	IG1 3LB
G1 3PQ	IG1 3PQ
G14 5JG	RG14 5JG
G14 5QG	RG14 5QG
G14 6JP	RG14 6JP
G14 7QT	RG14 7QT
G1 4LL	IG1 4LL
G1 4SJ	RG1 4SJ
G15 6LP	NG15 6LP
G15 7EH	NG15 7EH
G157QD	NG15 7QD
G1 5EB	RG1 5EB
G1 5HR	HG1 5HR
G17 1JP	NG17 1JP
G18 4QN	RG18 4QN
G18 8EL	SG18 8EL
G18 9JA	SG18 9JA
G18 9WT	RG18 9WT
G19 3JW	SG19 3JW
G19 4YJ	RG19 4YJ
G20 7LJ	RG20 7LJ
G21 0LA	NG21 0LA
G21 5PN	RG21 5PN
G21 8XB	RG21 8XB
G2 1NX	NG2 1NX
G23 8LQ	RG23 8LQ
G24 7HA	RG24 7HA
G25 0JU	NG25 0JU
G2 5BS	NG2 5BS
G263YW	RG26 3YW
G26 3YW	RG26 3YW
G26 5RP	RG26 5RP
G2 6QH	IG2 6QH
G2 7LD	NG2 7LD
G2 7RS	NG2 7RS
G2 9HJ	HG2 9HJ
G31 7AY	NG31 7AY
G31 7AZ	NG31 7AZ
G34 7BA	NG34 7BA
G3 4EN	DG3 4EN
G3 6NU	SG3 6NU
G40 2AP	RG40 2AP
G41 4SX	RG41 4SX
G41 4TL	RG41 4TL
G41 5UW	RG41 5UW
G4 4QE	NG4 4QE
G4 8BT	RG4 8BT
G4 9JT	RG4 9JT
G5 1NJ	NG5 1NJ
G5 1NW	SG5 1NW
G5 2FD	NG5 2FD
G5 2TG	SG5 2TG
G5 3GJ	NG5 3GJ
G5 3NJ	RG5 3NJ
G5 4AQ	NG5 4AQ
G6 1EJ	RG6 1EJ
G6 1LD	IG6 1LD
G6 1LH	RG6 1LH
G6 2EA	IG6 2EA
G62EG	IG6 2EG
G6 4UU	RG6 4UU
G6 5UW	RG6 5UW
G6 5UX	RG6 5UX
G6 9EG	NG6 9EG
G7 2DE	NG7 2DE
G7 2ET	NG7 2ET
G7 2JY	NG7 2JY
G7 2RD	NG7 2RD
G7 3ND	NG7 3ND
G7 5QS	IG7 5QS
G7 6DP	IG7 6DP
G7 6LS	SG7 6LS
G7 7BD	NG7 7BD
G8 1FL	NG8 1FL
G8 1GN	NG8 1GN
G8 1HU	NG8 1HU
G8 5QN	SG8 5QN
G8 6AX	DG8 6AX
G8 9TS	SG8 9TS
G9 1RL	NG9 1RL
G9 1TS	RG9 1TS
G9 2BY	NG9 2BY
G9 2EE	NG9 2EE
G9 7JF	DG9 7JF
H10 3DY	RH10 3DY
H10 4EW	EH10 4EW
H10 5SN	EH10 5SN
H10 6EH	RH10 6EH
H10 6PX	EH10 6PX
H11 1EQ	EH11 1EQ
H11 2DE	EH11 2DE
H11 2EH	EH11 2EH
H11 2JB	EH11 2JB
H11 8AF	BH11 8AF
H11 9EZ	BH11 9EZ
H1 1DB	DH1 1DB
H12 3EW	RH12 3EW
H12 3NN	BH12 3NN
H125DH	EH12 5DH
H12 5HB	RH12 5HB
H12 5HT	RH12 5HT
H12 5PA	RH12 5PA
H12 5PF	RH12 5PF
H12 8QE	EH12 8QE
H1 2BH	DH1 2BH
H1 2LB	DH1 2LB
H13 5LA	RH13 5LA
H1 3AZ	RH1 3AZ
H1 3NX	EH1 3NX
H1 3RH	DH1 3RH
H13TG	DH1 3TG
H142BU	EH14 2BU
H1 4DX	BH1 4DX
H1 4EB	DH1 4EB
H1 4JU	CH1 4JU
H1 4LR	DH1 4LR
H15 2QL	BH15 2QL
H15 4GA	BH15 4GA
H15 4HW	BH15 4HW
H154PR	BH15 4PR
H1 5NJ	CH1 5NJ
H16 3HH	RH16 3HH
H16 3JZ	RH16 3JZ
H16 4AB	RH16 4AB
H16 4TB	RH16 4TB
H1 6AG	RH1 6AG
H17 8TX	BH17 8TX
H19 3XW	RH19 3XW
H21 1ES	BH21 1ES
H21 7QD	EH21 7QD
H2 1DX	EH2 1DX
H2 1LH	EH2 1LH
H22 9UB	BH22 9UB
H2 3DL	CH2 3DL
H2 4AS	EH2 4AS
H25 9PN	EH25 9PN
H26 0NL	EH26 0NL
H3 1RS	DH3 1RS
H32 0LP	EH32 0LP
H33 2PF	EH33 2PF
H33DW	DH3 3DW
H3 3DW	DH3 3DW
H34 5DS	EH34 5DS
H394NU	PH39 4NU
H3 9NN	EH3 9NN
H41 4HJ	CH41 4HJ
H4 1DD	EH4 1DD
H4 2QG	EH4 2QG
H441DN	CH44 1DN
H44 1EF	CH44 1EF
H44 3BG	CH44 3BG
H44 7AU	CH44 7AU
H44 8BD	CH44 8BD
H448ED	CH44 8ED
H44 8ED	CH44 8ED
H45 2NX	CH45 2NX
H45 2PH	CH45 2PH
H45 3LE	CH45 3LE
H45 4LA	CH45 4LA
H45 6TD	CH45 6TD
H45 8NR	CH45 8NR
H4 5LA	DH4 5LA
H4 5PZ	EH4 5PZ
H46 0PZ	CH46 0PZ
H46 1PE	CH46 1PE
H46 1PH	CH46 1PH
H46 1PQ	CH46 1PQ
H46 1QH	CH46 1QH
H46 1QP	CH46 1QP
H46 1RG	CH46 1RG
H46 6AD	CH46 6AD
H46 7TB	CH46 7TB
H46 7TD	CH46 7TD
H46 8UQ	CH46 8UQ
H47 0NA	EH47 0NA
H48 2TR	EH48 2TR
H48 3HX	CH48 3HX
H483HZ	EH48 3HZ
H48 3JE	CH48 3JE
H48 4EJ	CH48 4EJ
H4 8JG	CH4 8JG
H49 4NJ	CH49 4NJ
H49 4PZ	CH49 4PZ
H496EY	EH49 6EY
H5 1EU	BH5 1EU
H54 8NE	EH54 8NE
H5 5BA	RH5 5BA
H5 8EQ	DH5 8EQ
H6 0DE	RH6 0DE
H614XT	CH61 4XT
H61 4XT	CH61 4XT
H62 1EU	CH62 1EU
H6  2FB	PH6 2FB
H63 8LH	CH63 8LH
H63 8PT	CH63 8PT
H63 8PY	CH63 8PY
H64 6SE	CH64 6SE
H64 9PP	CH64 9PP
H6 4ET	BH6 4ET
H6 4LS	BH6 4LS
H6 5DG	EH6 5DG
H65NU	BH6 5NU
H6 5QR	EH6 5QR
H66 2UF	CH66 2UF
H66EP	EH6 6EP
H66LP	EH6 6LP
H6 7AA	EH6 7AA
H6 7BW	EH6 7BW
H6 8DA	EH6 8DA
H7 1TX	CH7 1TX
H7 2QQ	CH7 2QQ
H7 3LS	PH7 3LS
H7 5DY	EH7 5DY
H7 6 AH	BH7 6AH
H7 6AW	BH7 6AW
H7 6NP	BH7 6NP
H8 8BT	EH8 8BT
H8 8DD	EH8 8DD
H8 8EW	EH8 8EW
H8 9NB	EH8 9NB
H8 9NZ	BH8 9NZ
H9 1EB	EH9 1EB
H91EE	EH9 1EE
H9 1JU	EH9 1JU
H9 2SA	BH9 2SA
H9 2SB	BH9 2SB
H9 7UF	DH9 7UF
K10 3EQ	FK10 3EQ
K10 5LQ	SK10 5LQ
K11 1AT	MK11 1AT
K1 2BD	FK1 2BD
K14 5DT	MK14 5DT
K1 4AT	SK1 4AT
K16 8BN	MK16 8BN
K17 0BH	MK17 0BH
K17 8DT	FK17 8DT
K18 1EG	MK18 1EG
K18 1JX	MK18 1JX
K182DJ	MK18 2DJ
K19 6HF	MK19 6HF
K2 2UG	MK2 2UG
K23 0LH	SK23 0LH
K23 6EJ	SK23 6EJ
K23 7DF	SK23 7DF
K2  5DU	SK2 5DU
K2 5DU	SK2 5DU
K3 0AL	FK3 0AL
K3 6PE	MK3 6PE
K3 8ED	SK3 8ED
K3 8PS	FK3 8PS
K3 9NW	SK3 9NW
K40 3EL	MK40 3EL
K40 3HD	MK40 3HD
K41 7SG	MK41 7SG
K41 9LR	MK41 9LR
K42 0RL	MK42 0RL
K42 7HN	MK42 7HN
K4 2BA	MK4 2BA
K44 3SP	MK44 3SP
K44 3TU	MK44 3TU
K4 4BT	SK4 4BT
K45 1HP	MK45 1HP
K45 4DA	MK45 4DA
K45 5LR	MK45 5LR
K5 8BZ	SK5 8BZ
K6 2QG	MK6 2QG
K6 5DN	FK6 5DN
K73NN	SK7 3NN
K7 4ED	SK7 4ED
K7 8FB	FK7 8FB
K8 1EW	SK8 1EW
K8 2EN	FK8 2EN
K83SN	SK8 3SN
K84BJ	SK8 4BJ
K8 4BJ	SK8 4BJ
K84PR	SK8 4PR
K8 4PR	SK8 4PR
K8 4RX	SK8 4RX
L0 0QQ	BL0 0QQ
L09JG	BL0 9JG
L10 5QA	DL10 5QA
L11 2JB	PL11 2JB
L11 2PF	PL11 2PF
L11 2RB	LL11 2RB
L11 4AL	OL11 4AL
L11 4FG	LL11 4FG
L11 4HD	GL11 4HD
L114LN	GL11 4LN
L11 5JR	GL11 5JR
L1 1NH	DL1 1NH
L11NX	AL1 1NX
L1 1PX	BL1 1PX
L1 1QU	DL1 1QU
L12 0NR	DL12 0NR
L1 2DD	BL1 2DD
L13 2QJ	DL13 2QJ
L13 7BA	LL13 7BA
L13 9NR	OL13 9NR
L1 3AF	DL1 3AF
L1 3AN	OL1 3AN
L1 3HA	ML1 3HA
L1 3RY	AL1 3RY
L1 3TX	AL1 3TX
L14 5LR	OL14 5LR
L14 5NJ	OL14 5NJ
L14 7BU	OL14 7BU
L14 8SE	OL14 8SE
L1 4EU	DL1 4EU
L15 4AX	GL15 4AX
L15 5RS	GL15 5RS
L15 6TR	GL15 6TR
L15 7NT	PL15 7NT
L15 8HU	PL15 8HU
L1 5SB	AL1 5SB
L16 5RY	LL16 5RY
L16 6XR	DL16 6XR
L1 6JT	SL1 6JT
L17 0EE	GL17 0EE
L17 0UR	LL17 0UR
L17 8HE	PL17 8HE
L1 8BD	BL1 8BD
L1 8ER	BL1 8ER
L19 8AL	LL19 8AL
L19 9JZ	LL19 9JZ
L20 6EA	PL20 6EA
L20 6ER	GL20 6ER
L20 7NQ	GL20 7NQ
L20 7RS	LL20 7RS
L2 0PX	GL2 0PX
L2 0RP	GL2 0RP
L21 0XP	PL21 0XP
L21 9TR	PL21 9TR
L22 7LY	LL22 7LY
L22 8HB	LL22 8HB
L2 2DJ	PL2 2DJ
L23 1JD	PL23 1JD
L2 4JE	GL2 4JE
L2 4RP	GL2 4RP
L26 7UB	PL26 7UB
L26 8LG	PL26 8LG
L26UG	BL2 6UG
L28 5RH	LL28 5RH
L30 1DZ	LL30 1DZ
L30 3DW	LL30 3DW
L3 0PN	ML3 0PN
L3 1DZ	BL3 1DZ
L3 1EU	BL3 1EU
L3 3RT	BL3 3RT
L3 5DJ	OL3 5DJ
L3 5DU	AL3 5DU
L3 5NF	OL3 5NF
L3 5QD	OL3 5QD
L3 6HH	AL3 6HH
L3 7DB	OL3 7DB
L3 7ED	OL3 7ED
L3 7NH	OL3 7NH
L3 7SZ	DL3 7SZ
L3 8LF	DL3 8LF
L3 8QQ	ML3 8QQ
L3 9BT	ML3 9BT
L4 0AB	GL4 0AB
L4 0DB	AL4 0DB
L4 0JZ	BL4 0JZ
L4 1SR	SL4 1SR
L4 5DD	OL4 5DD
L4 5QA	OL4 5QA
L462NX	LL46 2NX
L4 6GD	GL4 6GD
L4 8HS	GL4 8HS
L4 8SU	PL4 8SU
L4 9TB	AL4 9TB
L51 6AB	GL51 6AB
L5 1BB	GL5 1BB
L5 1LY	PL5 1LY
L526DG	GL52 6DG
L52 6NZ	GL52 6NZ
L5 2QE	BL5 2QE
L537BY	GL53 7BY
L54 5EE	LL54 5EE
L55 2EG	LL55 2EG
L55 2ER	LL55 2ER
L55 3HU	LL55 3HU
L5 5ST	AL5 5ST
L56 4RQ	LL56 4RQ
L571BJ	LL57 1BJ
L57 1BJ	LL57 1BJ
L57 1BW	LL57 1BW
L57 3AU	LL57 3AU
L59 5HS	LL59 5HS
L5 9NZ	OL5 9NZ
L6 0TD	AL6 0TD
L61 5NZ	LL61 5NZ
L6 4DY	BL6 4DY
L6 4PG	BL6 4PG
L6 6QZ	OL6 6QZ
L6 7HJ	PL6 7HJ
L6 8AT	ML6 8AT
L6 8AY	GL6 8AY
L6 8DG	GL6 8DG
L6 8SP	SL6 8SP
L71HU	GL7 1HU
L7 1NU	PL7 1NU
L7 3TB	SL7 3TB
L7 5BL	PL7 5BL
L77 7NY	LL77 7NY
L8 3RN	OL8 3RN
L9 3RA	ML9 3RA
L9 7BT	BL9 7BT
L9 7EJ	BL9 7EJ
L9 9LR	BL9 9LR
M11PR	SM1 1PR
M1 1SY	RM1 1SY
M13 2AS	CM13 2AS
M14 4BA	CM14 4BA
M15 0TT	CM15 0TT
M15 4HD	RM15 4HD
M15 5DD	RM15 5DD
M15 6TZ	RM15 6TZ
M16 2HP	RM16 2HP
M16 2LP	RM16 2LP
M16 4BP	RM16 4BP
M16 4HP	RM16 4HP
M16 7AX	CM16 7AX
M195PN	CM19 5PN
M19 5PN	CM19 5PN
M19 5RA	CM19 5RA
M20 4AD	RM20 4AD
M23 3SG	CM23 3SG
M2 7EF	CM2 7EF
M3 9HB	SM3 9HB
M3 9HH	SM3 9HH
M5 2LU	SM5 2LU
M5 2PN	RM5 2PN
M5 3HP	RM5 3HP
M5 3SU	RM5 3SU
M5 3XX	RM5 3XX
M5 9SH	CM5 9SH
M778YH	CM77 8YH
M81PT	RM8 1PT
M8 1PT	RM8 1PT
M8 2UZ	CM8 2UZ
N10 0RH	NN10 0RH
N10 6AE	EN10 6AE
N11 0JT	EN11 0JT
N11 0LH	EN11 0LH
N11 1AA	BN11 1AA
N11 2JQ	BN11 2JQ
N11 3ND	BN11 3ND
N11 3NE	BN11 3NE
N113PQ	BN11 3PQ
N11 4PL	BN11 4PL
N11 4SL	BN11 4SL
N114UE	NN11 4UE
N11 4UE	NN11 4UE
N11 8AP	EN11 8AP
N11 8DF	LN11 8DF
N11 8EE	EN11 8EE
N118ET	EN11 8ET
N11 9AL	EN11 9AL
N11 9EP	EN11 9EP
N1 1AL	BN1 1AL
N1 1HW	EN1 1HW
N1 1SN	NN1 1SN
N1 1TU	TN1 1TU
N12 5JH	TN12 5JH
N12 6AP	NN12 6AP
N1 2ED	SN1 2ED
N1 2PL	BN1 2PL
N1 2XT	LN1 2XT
N13 1ET	TN13 1ET
N13 5UH	NN13 5UH
N13 6NR	NN13 6NR
N13 7EW	NN13 7EW
N13 9BX	SN13 9BX
N1 3BA	BN1 3BA
N1 3FD	BN1 3FD
N1 3HJ	BN1 3HJ
N13JB	BN1 3JB
N1 3JB	BN1 3JB
N1 3PG	BN1 3PG
N1 3PY	SN1 3PY
N14 0BW	SN14 0BW
N142PR	NN14 2PR
N14 7ES	BN14 7ES
N14 8LS	BN14 8LS
N14 9HT	BN14 9HT
N1 4AY	BN1 4AY
N1 4NS	BN1 4NS
N1 4PR	NN1 4PR
N1 4QG	BN1 4QG
N15 5JD	SN15 5JD
N15 5JG	NN15 5JG
N15 9AH	BN15 9AH
N15 9SY	BN15 9SY
N1 5ES	NN1 5ES
N1 5EY	SN1 5EY
N16 4FW	BN16 4FW
N16 4GG	BN16 4GG
N16 9TA	NN16 9TA
N16 9TG	SN16 9TG
N17 1DB	NN17 1DB
N17 6DG	BN17 6DG
N1 9EH	BN1 9EH
N207JB	BN20 7JB
N20 7JB	BN20 7JB
N20 7QG	BN20 7QG
N20 7QP	BN20 7QP
N20 8QG	BN20 8QG
N20AE	BN2 0AE
N2 0EB	BN2 0EB
N2 0RS	EN2 0RS
N21 1HQ	DN21 1HQ
N21 1PR	DN21 1PR
N21 2AS	BN21 2AS
N21 3LG	DN21 3LG
N21 3RF	DN21 3RF
N21 3SE	DN21 3SE
N21 3TW	DN21 3TW
N21 3XQ	BN21 3XQ
N21 4LG	BN21 4LG
N21 8YA	TN21 8YA
N2 1AQ	BN2 1AQ
N2 1DG	LN2 1DG
N2 1ED	BN2 1ED
N2 1EE	BN2 1EE
N2 1HH	BN2 1HH
N2 1JG	BN2 1JG
N22 7DP	BN22 7DP
N22 9DR	DN22 9DR
N2 2LT	LN2 2LT
N2 2LU	LN2 2LU
N2 2NH	LN2 2NH
N2 2NJ	LN2 2NJ
N2 2QA	LN2 2QA
N2 2RZ	LN2 2RZ
N2 2TE	LN2 2TE
N249JN	TN24 9JN
N2 4AA	LN2 4AA
N2 4AX	LN2 4AX
N2 4BP	WN2 4BP
N2 4GU	LN2 4GU
N2 4RF	DN2 4RF
N2 4WN	LN2 4WN
N25 1BB	BN25 1BB
N252XG	BN25 2XG
N25 3EP	SN25 3EP
N2 5DB	LN2 5DB
N2 5DJ	WN2 5DJ
N2 5DU	SN2 5DU
N2 5JD	LN2 5JD
N2 5JE	LN2 5JE
N2 5RD	LN2 5RD
N2 6EU	NN2 6EU
N2 6JD	NN2 6JD
N27 1RG	BN27 1RG
N2 7EZ	EN2 7EZ
N2 9UA	BN2 9UA
N2 9UT	BN2 9UT
N30 6NE	TN30 6NE
N32 9LJ	DN32 9LJ
N3 2NQ	SN3 2NQ
N3 2ST	NN3 2ST
N33EG	BN3 3EG
N34 3AU	TN34 3AU
N3 4BG	LN3 4BG
N3 4GD	LN3 4GD
N3 4LA	BN3 4LA
N3 4RN	EN3 4RN
N35 0EN	DN35 0EN
N35 5ED	TN35 5ED
N35 5HG	TN35 5HG
N3 5AE	SN3 5AE
N3 5BA	BN3 5BA
N3 5JD	NN3 5JD
N3 5NN	BN3 5NN
N3 5SS	LN3 5SS
N3 5TF	LN3 5TF
N3 5TQ	SN3 5TQ
N3 6DY	EN3 6DY
N37 7TL	TN37 7TL
N3 7GH	BN3 7GH
N3 7TZ	NN3 7TZ
N3 8EA	BN3 8EA
N4 0BJ	EN4 0BJ
N4 0EN	SN4 0EN
N41  1SA	BN41 1SA
N42 4QG	BN42 4QG
N43 5WY	BN43 5WY
N43 6HS	BN43 6HS
N43 6YF	BN43 6YF
N44 3GE	BN44 3GE
N4 8LN	EN4 8LN
N4 8PL	NN4 8PL
N4 8RQ	EN4 8RQ
N4 8SJ	EN4 8SJ
N4 9EY	TN4 9EY
N4 9PP	EN4 9PP
N50EX	LN5 0EX
N5 0EX	LN5 0EX
N5 5GN	SN5 5GN
N5 6HN	NN5 6HN
N5 7DB	SN5 7DB
N5 7JB	TN5 7JB
N5 8BJ	WN5 8BJ
N5 8DR	SN5 8DR
N5 8LY	SN5 8LY
N6 7DT	SN6 7DT
N6 7PJ	LN6 7PJ
N6 9TP	LN6 9TP
N7 4JP	WN7 4JP
N7 5ET	EN7 5ET
N7 6AZ	EN7 6AZ
N7 6BQ	EN7 6BQ
N7 6EP	EN7 6EP
N7 6HA	EN7 6HA
N7 6SP	EN7 6SP
N7 8EE	SN7 8EE
N8 0AD	EN8 0AD
N8 0BE	EN8 0BE
N8 0TL	EN8 0TL
N8 0UL	EN8 0UL
N8 0UQ	EN8 0UQ
N8 0XG	EN8 0XG
N8 1AA	SN8 1AA
N8 2JA	NN8 2JA
N8 3AA	LN8 3AA
N8 3YB	LN8 3YB
N8 4HA	NN8 4HA
N85JY	BN8 5JY
N8 7BZ	EN8 7BZ
N8 7LB	EN8 7LB
N8 7LF	EN8 7LF
N8 8LA	EN8 8LA
N8 8NW	EN8 8NW
N8 9AA	EN8 9AA
N8 9DE	EN8 9DE
N8 9DL	EN8 9DL
N8 9EG	EN8 9EG
N8 9HP	EN8 9HP
N8 9JS	EN8 9JS
N8 9QY	EN8 9QY
N9 2BU	DN9 2BU
N9 2PY	TN9 2PY
O10 0JH	CO10 0JH
O10 0JU	CO10 0JU
O10 3AS	YO10 3AS
O10 4QD	YO10 4QD
O10 5BD	YO10 5BD
O10 5JP	CO10 5JP
O10 7EW	PO10 7EW
O11 1HD	CO11 1HD
O1 1ED	CO1 1ED
O1 1ZX	CO1 1ZX
O12 7RE	YO12 7RE
O142AN	PO14 2AN
O142BN	SO14 2BN
O14 2BN	SO14 2BN
O14 3JQ	SO14 3JQ
O143QE	PO14 3QE
O144AQ	PO14 4AQ
O144LN	PO14 4LN
O144PJ	PO14 4PJ
O15 2SN	SO15 2SN
O15 5AU	CO15 5AU
O15 5EF	SO15 5EF
O155PR	PO15 5PR
O15 5WA	SO15 5WA
O15 7BJ	PO15 7BJ
O160TP	PO16 0TP
O16 3BB	SO16 3BB
O16 3BD	SO16 3BD
O16 3ZG	SO16 3ZG
O16 7GT	SO16 7GT
O167XL	PO16 7XL
O16 8PT	PO16 8PT
O168SY	PO16 8SY
O169LT	PO16 9LT
O17 1QN	SO17 1QN
O17 2LQ	SO17 2LQ
O17 8AA	YO17 8AA
O18 2HR	SO18 2HR
O19 6RS	YO19 6RS
O19 7GX	SO19 7GX
O20 8LZ	PO20 8LZ
O2 0ET	PO2 0ET
O21 1NY	PO21 1NY
O21 9EA	PO21 9EA
O22 4EW	SO22 4EW
O22 4HX	SO22 4HX
O22 4JY	SO22 4JY
O22 4LG	SO22 4LG
O22 4LZ	SO22 4LZ
O22 4QL	SO22 4QL
O22 5DP	YO22 5DP
O22 6RL	SO22 6RL
O23 0NQ	SO23 0NQ
O23 1BG	YO23 1BG
O23 1DB	YO23 1DB
O238SD	SO23 8SD
O23 8SD	SO23 8SD
O242XR	YO24 2XR
O25 4JR	YO25 4JR
O259DU	YO25 9DU
O26 8JA	YO26 8JA
O301BW	PO30 1BW
O30 1SL	PO30 1SL
O30 1ST	PO30 1ST
O30 2GB	SO30 2GB
O30 2NU	SO30 2NU
O30 4SP	SO30 4SP
O311BL	SO31 1BL
O31 5GG	SO31 5GG
O31 7XU	YO31 7XU
O319BL	SO31 9BL
O31 9GY	SO31 9GY
O321AA	SO32 1AA
O32 2HU	SO32 2HU
O32 2PW	SO32 2PW
O32 6DB	PO32 6DB
O33 1XY	PO33 1XY
O33 2DL	PO33 2DL
O33 3BY	PO33 3BY
O33 3DU	PO33 3DU
O33 3NJ	PO33 3NJ
O36 8JE	PO36 8JE
O37 6NJ	PO37 6NJ
O38 1PL	PO38 1PL
O38 1QS	PO38 1QS
O38 1RG	PO38 1RG
O38 3NN	PO38 3NN
O39 0DJ	PO39 0DJ
O40 2GU	SO40 2GU
O40 4SS	SO40 4SS
O40 8FE	SO40 8FE
O41 0HS	SO41 0HS
O43 3EE	YO43 3EE
O43 7FR	SO43 7FR
O4 5AQ	CO4 5AQ
O4 5LX	CO4 5LX
O50 4NB	SO50 4NB
O504SR	SO50 4SR
O50 5RD	SO50 5RD
O50 9AW	SO50 9AW
O517SA	SO51 7SA
O51 7SA	SO51 7SA
O51 8BY	SO51 8BY
O518FT	SO51 8FT
O51 9AJ	SO51 9AJ
O5 1PB	PO5 1PB
O53 1TX	SO53 1TX
O53 4ST	SO53 4ST
O53 4SU	SO53 4SU
O53 4TS	SO53 4TS
O53 5RY	SO53 5RY
O53 5RZ	SO53 5RZ
O5 3ED	PO5 3ED
O5 9JL	CO5 9JL
O6 2QX	CO6 2QX
O62RY	CO6 2RY
O8 8HT	PO8 8HT
O9 1BY	PO9 1BY
P102ND	SP10 2ND
P10 3BQ	SP10 3BQ
P11 1LJ	HP11 1LJ
P11 5GR	NP11 5GR
P11 7RS	SP11 7RS
P11 9LY	IP11 9LY
P1 1SA	HP1 1SA
P12 1DD	NP12 1DD
P12 1SB	IP12 1SB
P12 2GW	IP12 2GW
P12 2JY	NP12 2JY
P12 4AG	HP12 4AG
P1 2DE	IP1 2DE
P1 2HN	IP1 2HN
P1 2JD	IP1 2JD
P1 2LL	IP1 2LL
P13 1QF	NP13 1QF
P1 3LL	HP1 3LL
P1 3SG	IP1 3SG
P14 1PW	IP14 1PW
P15 5GY	IP15 5GY
P1 5HJ	IP1 5HJ
P16 5SN	NP16 5SN
P19 0FX	HP19 0FX
P19 9EZ	NP19 9EZ
P20 2AB	HP20 2AB
P20 2RX	HP20 2RX
P207TW	NP20 7TW
P2 0SW	IP2 0SW
P21 4RH	IP21 4RH
P21 9LT	HP21 9LT
P22 4DN	IP22 4DN
P22 4JB	HP22 4JB
P22 4JP	IP22 4JP
P22 4PJ	IP22 4PJ
P22 5UQ	HP22 5UQ
P23 6EW	NP23 6EW
P25 5AD	NP25 5AD
P25 6RT	IP25 6RT
P26 3EJ	NP26 3EJ
P2 6DS	HP2 6DS
P270JQ	HP27 0JQ
P287RB	IP28 7RB
P2 8EU	IP2 8EU
P2 8NR	IP2 8NR
P2 9AA	IP2 9AA
P2 9AQ	IP2 9AQ
P2 9QA	IP2 9QA
P2 9ST	IP2 9ST
P3 0AX	IP3 0AX
P3 0JJ	IP3 0JJ
P3 0SP	IP3 0SP
P33 2SD	IP33 2SD
P33 2SY	IP33 2SY
P33 3YU	IP33 3YU
P38AT	IP3 8AT
P3 8AT	IP3 8AT
P4 1HY	IP4 1HY
P4 1NE	IP4 1NE
P4 1SE	HP4 1SE
P4 2BT	IP4 2BT
P4 2DJ	IP4 2DJ
P4 2EU	IP4 2EU
P4 2EZ	IP4 2EZ
P4 2HN	IP4 2HN
P4 2LT	IP4 2LT
P4 2NS	IP4 2NS
P44 7LG	NP44 7LG
P4 4HD	IP4 4HD
P4 4JJ	IP4 4JJ
P4 5AX	IP4 5AX
P45HE	IP4 5HE
P4 5HE	IP4 5HE
P4 5HF	IP4 5HF
P45LA	IP4 5LA
P4 6DW	SP4 6DW
P4 8DD	NP4 8DD
P5 2BU	HP5 2BU
P5 2FB	IP5 2FB
P60NL	IP6 0NL
P6 1AB	SP6 1AB
P6 1RD	SP6 1RD
P6 2PQ	SP6 2PQ
P6 6HW	HP6 6HW
P7 0HA	HP7 0HA
P7 0NF	HP7 0NF
P7 9RX	NP7 9RX
P8 3TS	IP8 3TS
Q10 9PB	TQ10 9PB
Q12 4SJ	TQ12 4SJ
Q14 9AH	TQ14 9AH
Q2 7PT	TQ2 7PT
Q7 2BU	TQ7 2BU
Q9 5DX	TQ9 5DX
Q9 5LZ	TQ9 5LZ
R0 2AS	CR0 2AS
R0 6DZ	CR0 6DZ
R0 6EY	CR0 6EY
R10 8JH	TR10 8JH
R11 2ST	TR11 2ST
R11AA	NR1 1AA
R1 1EN	TR1 1EN
R1 1PU	TR1 1PU
R1 2LJ	SR1 2LJ
R1 2PQ	TR1 2PQ
R1 2XN	TR1 2XN
R13 0RN	TR13 0RN
R133DE	NR13 3DE
R1 3SJ	BR1 3SJ
R1 3XJ	TR1 3XJ
R14 1BQ	WR14 1BQ
R14 2SE	WR14 2SE
R14 3HH	WR14 3HH
R14 9AH	TR14 9AH
R14 9ES	TR14 9ES
R1 4AS	NR1 4AS
R1 4SA	BR1 4SA
R151LB	NR15 1LB
R15 2AB	TR15 2AB
R15 2SY	NR15 2SY
R1 66TF	TR16 6TF
R17 1RR	NR17 1RR
R18 3QL	TR18 3QL
R18 5BE	TR18 5BE
R18 5EG	TR18 5EG
R19 7PL	TR19 7PL
R1 9NX	PR1 9NX
R2 0QL	BR2 0QL
R21 0JB	NR21 0JB
R2 2DY	NR2 2DY
R2 2PN	NR2 2PN
R2 3YX	PR2 3YX
R24LQ	NR2 4LQ
R25 6SL	NR25 6SL
R2 5PF	WR2 5PF
R26 3EG	TR26 3EG
R26 8HU	NR26 8HU
R2 8NN	CR2 8NN
R2 8NZ	BR2 8NZ
R2 8QR	CR2 8QR
R2 9DS	HR2 9DS
R2 9SB	PR2 9SB
R2 9UF	PR2 9UF
R3 1JA	PR3 1JA
R3 1ND	NR3 1ND
R32 2LD	NR32 2LD
R3 2TH	PR3 2TH
R33EN	NR3 3EN
R3 3SH	SR3 3SH
R3 3TB	PR3 3TB
R3 4AL	NR3 4AL
R3 4LA	NR3 4LA
R3 5NN	CR3 5NN
R4 0JR	WR4 0JR
R4 0QL	HR4 0QL
R42EZ	CR4 2EZ
R4 2EZ	CR4 2EZ
R4 7RJ	SR4 7RJ
R5 0JT	NR5 0JT
R5 1BQ	WR5 1BQ
R52AQ	WR5 2AQ
R6 5DS	NR6 5DS
R6 6HA	BR6 6HA
R6 8UH	HR6 8UH
R6 8UJ	HR6 8UJ
R7 2DX	TR7 2DX
R7 7AP	CR7 7AP
R7 9UN	NR7 9UN
R8 4AA	PR8 4AA
R8 5DY	PR8 5DY
R8 5JT	CR8 5JT
R85PG	SR8 5PG
R8 5PG	SR8 5PG
R8 6HW	NR8 6HW
R8 6SD	NR8 6SD
R8 6XW	NR8 6XW
R9 0HF	PR9 0HF
R9 0HW	PR9 0HW
R9 6NA	TR9 6NA
R9 6PQ	TR9 6PQ
R9 7BZ	HR9 7BZ
R9 8BD	PR9 8BD
R9 9DN	WR9 9DN
R9 9EF	PR9 9EF
R9 9PB	PR9 9PB
R9 9PY	PR9 9PY
R9 9RR	PR9 9RR
R9 9SN	PR9 9SN
S0 7NB	SS0 7NB
S0 9XX	SS0 9XX
S105DG	TS10 5DG
S115JD	WS11 5JD
S11 6AZ	TS11 6AZ
S12 1DZ	TS12 1DZ
S12 4RG	WS12 4RG
S12 5PT	LS12 5PT
S1 2ND	HS1 2ND
S1 2YE	HS1 2YE
S13 2TW	LS13 2TW
S13 3HN	LS13 3HN
S13 3LY	SS13 3LY
S13 7EQ	WS13 7EQ
S14 5JW	LS14 5JW
S14 8AJ	BS14 8AJ
S14 9ED	WS14 9ED
S14 9YS	WS14 9YS
S15 4HS	SS15 4HS
S16 2HZ	BS16 2HZ
S16 3PQ	BS16 3PQ
S164RD	BS16 4RD
S16 5SE	SS16 5SE
S16 6BP	BS16 6BP
S17 0JG	SS17 0JG
S17 5DB	TS17 5DB
S17 6PP	TS17 6PP
S176QE	LS17 6QE
S21 4ET	TS21 4ET
S21 6QF	BS21 6QF
S22 5RA	LS22 5RA
S25 2AA	TS25 2AA
S25 2JG	TS25 2JG
S25 5AW	LS25 5AW
S26 8LY	LS26 8LY
S27 8BJ	LS27 8BJ
S27AS	WS2 7AS
S288NZ	LS28 8NZ
S2 8DB	BS2 8DB
S28QD	BS2 8QD
S2 8QD	BS2 8QD
S29 9AA	LS29 9AA
S2 9TB	BS2 9TB
S2 9UG	BS2 9UG
S2 9UQ	BS2 9UQ
S30 7BX	BS30 7BX
S31 1QA	BS31 1QA
S3 1AD	LS3 1AD
S32 9BT	BS32 9BT
S32 9DA	BS32 9DA
S3 2UW	WS3 2UW
S3 3JA	BS3 3JA
S3 4LE	WS3 4LE
S34PP	BS3 4PP
S3 4QN	BS3 4QN
S3 4SS	BS3 4SS
S3 4UG	BS3 4UG
S3 8UY	SS3 8UY
S3 9DP	SS3 9DP
S40 8SA	BS40 8SA
S41EB	WS4 1EB
S4 2QS	LS4 2QS
S4 2RS	LS4 2RS
S48 2QZ	BS48 2QZ
S49 4EP	BS49 4EP
S5 0JP	BS5 0JP
S5 3PD	WS5 3PD
S5 4HE	SS5 4HE
S5 4RR	WS5 4RR
S5 6BA	BS5 6BA
S56EU	BS5 6EU
S5 7LA	TS5 7LA
S5 9JL	BS5 9JL
S6 3DT	LS6 3DT
S6 4DX	LS6 4DX
S6 6DW	BS6 6DW
S6 7EH	BS6 7EH
S70BA	BS7 0BA
S7 3DW	LS7 3DW
S73HB	LS7 3HB
S7 3NB	LS7 3NB
S8 0SG	TS8 0SG
S83EZ	BS8 3EZ
S84EZ	LS8 4EZ
S9 4BZ	BS9 4BZ
S9 5AA	SS9 5AA
S9 5AY	SS9 5AY
S9 6HR	LS9 6HR
T100DW	KT10 0DW
T11 0AT	CT11 0AT
T119AS	BT11 9AS
T1 1QP	CT1 1QP
T12 3BT	KT12 3BT
T12 3QN	KT12 3QN
T12 4PD	BT12 4PD
T12 4RA	KT12 4RA
T1 2HP	ST1 2HP
T13 0JA	KT13 0JA
T13 9DH	KT13 9DH
T14 5BN	ST14 5BN
T14 6AA	KT14 6AA
T14 6DJ	CT14 6DJ
T15 0BW	ST15 0BW
T15 8LF	ST15 8LF
T15 8TJ	ST15 8TJ
T16 2EH	ST16 2EH
T16 3LL	ST16 3LL
T17 4JL	ST17 4JL
T17 9LH	CT17 9LH
T18 9DP	BT18 9DP
T19 7RE	BT19 7RE
T19 8NE	KT19 8NE
T20 5EX	BT20 5EX
T21 4LQ	CT21 4LQ
T22 1HQ	BT22 1HQ
T22 9BU	KT22 9BU
T22 9NQ	KT22 9NQ
T27 4SB	BT27 4SB
T2 7QS	CT2 7QS
T2 8HE	CT2 8HE
T2 8HP	CT2 8HP
T2 9DN	DT2 9DN
T33 0NB	BT33 0NB
T3 4AS	ST3 4AS
T3 4AY	ST3 4AY
T3 4DU	ST3 4DU
T3 4NJ	ST3 4NJ
T3 5BP	KT3 5BP
T36 6QU	BT36 6QU
T36 7TF	BT36 7TF
T42 1AB	BT42 1AB
T4 2PL	ST4 2PL
T44 0BY	BT44 0BY
T4 5BN	CT4 5BN
T48 6DH	BT48 6DH
T4 9LE	DT4 9LE
T52 2BU	BT52 2BU
T5 2QX	ST5 2QX
T5 4EG	CT5 4EG
T54HA	CT5 4HA
T5 7ST	ST5 7ST
T5 8DD	KT5 8DD
T6 0LT	BT6 0LT
T6 1LJ	ST6 1LJ
T6 1NT	ST6 1NT
T6 5BT	KT6 5BT
T6 5EG	ST6 5EG
T65ES	DT6 5ES
T65XA	ST6 5XA
T6 5XF	ST6 5XF
T6 6BW	ST6 6BW
T6 6JN	CT6 6JN
T6 6TR	ST6 6TR
T6 7AL	ST6 7AL
T6 7DP	ST6 7DP
T6 7HX	ST6 7HX
T6 7QT	CT6 7QT
T6 8RG	CT6 8RG
T6 9AN	BT6 9AN
T6 9GN	BT6 9GN
T7 3PH	DT7 3PH
T7 4EX	ST7 4EX
T80 8HL	BT80 8HL
T8 6ZQ	BT8 6ZQ
U10 6HB	HU10 6HB
U1 1XG	GU1 1XG
U1 1XT	GU1 1XT
U12 8EF	HU12 8EF
U130PZ	HU13 0PZ
U13 0PZ	HU13 0PZ
U13QW	LU1 3QW
U14 8JQ	GU14 8JQ
U15 4DG	GU15 4DG
U16 9FF	GU16 9FF
U17 9ET	HU17 9ET
U195QX	GU19 5QX
U206BH	GU20 6BH
U2 0JG	LU2 0JG
U21 2JF	GU21 2JF
U21 4HE	GU21 4HE
U21 4TA	GU21 4TA
U21 4UY	GU21 4UY
U21 4YE	GU21 4YE
U22 7JU	GU22 7JU
U228AL	GU22 8AL
U22 9PS	GU22 9PS
U27 1JU	GU27 1JU
U27UJ	LU2 7UJ
U32 2EE	GU32 2EE
U34 5RB	GU34 5RB
U4 7HZ	GU4 7HZ
U4 8EE	GU4 8EE
U4 8EY	LU4 8EY
U50BB	GU5 0BB
U5 0BB	GU5 0BB
U51 3HW	GU51 3HW
U5 3AT	HU5 3AT
U5 3SA	HU5 3SA
U5 4BZ	LU5 4BZ
U5 5RF	LU5 5RF
U5 6LS	LU5 6LS
U6 7NU	GU6 7NU
U6 8RL	GU6 8RL
U7 0JU	LU7 0JU
U7 0NU	LU7 0NU
U7 1NP	LU7 1NP
U7 9BX	LU7 9BX
U9 4PG	HU9 4PG
V11 2DB	WV11 2DB
V112LD	WV11 2LD
V113NS	WV11 3NS
V11 3NS	WV11 3NS
V12 5SX	WV12 5SX
V12 8HD	CV12 8HD
V1 2HP	CV1 2HP
V1 3JD	CV1 3JD
V1 3LW	CV1 3LW
V146HN	WV14 6HN
V1 4ER	CV1 4ER
V1 5FB	CV1 5FB
V1 5NU	CV1 5NU
V1 5QF	CV1 5QF
V18 0PF	IV18 0PF
V21 3JR	CV21 3JR
V21 3NH	CV21 3NH
V22 6AR	CV22 6AR
V22 7QT	CV22 7QT
V2 4GE	CV2 4GE
V2 4RU	CV2 4RU
V2 7DY	IV2 7DY
V28 3XF	IV28 3XF
V32 4EX	CV32 4EX
V32 5TE	CV32 5TE
V3 5LP	CV3 5LP
V39BY	WV3 9BY
V45 8RU	IV45 8RU
V4 9EA	CV4 9EA
V4 9UF	CV4 9UF
V57AA	CV5 7AA
V5 8BS	CV5 8BS
V5 8LJ	CV5 8LJ
V6 0XD	WV6 0XD
V8 1JD	CV8 1JD
V8 3HS	CV8 3HS
W10 9QW	SW10 9QW
W1 0HU	NW1 0HU
W1 0XA	NW1 0XA
W11 0JP	TW11 0JP
W11 5ED	SW11 5ED
W11 5SG	SW11 5SG
W11 5TE	SW11 5TE
W11 6RZ	SW11 6RZ
W1 1AS	NW1 1AS
W1 1EP	NW1 1EP
W12 0NF	SW12 0NF
W12 1JE	CW12 1JE
W12 3ND	CW12 3ND
W124WB	CW12 4WB
W12 4WB	CW12 4WB
W13 0BP	SW13 0BP
W13 0HT	SW13 0HT
W14 8BP	SW14 8BP
W14 8HW	KW14 8HW
W14 8QD	SW14 8QD
W15 1AY	SW15 1AY
W15 1DE	SW15 1DE
W15 1DX	SW15 1DX
W15 1ES	SW15 1ES
W15 1JD	SW15 1JD
W15 1JR	SW15 1JR
W15 1NZ	SW15 1NZ
W15 1PQ	SW15 1PQ
W15 1QH	SW15 1QH
W15 1QQ	SW15 1QQ
W15 1SQ	SW15 1SQ
W15  2BT	SW15 2BT
W15 2ED	SW15 2ED
W15 2JL	SW15 2JL
W15 2LD	SW15 2LD
W15 2LJ	SW15 2LJ
W15 2NN	SW15 2NN
W15 2SP	SW15 2SP
W15 3HE	SW15 3HE
W15 3JU	TW15 3JU
W15 3TB	SW15 3TB
W15 4BH	SW15 4BH
W15 4DH	SW15 4DH
W15 4DJ	SW15 4DJ
W15 4DL	SW15 4DL
W15 4HL	SW15 4HL
W15 4HQ	SW15 4HQ
W15 5ES	SW15 5ES
W15 5HN	SW15 5HN
W15 5JU	SW15 5JU
W15 5LU	SW15 5LU
W15 5QA	SW15 5QA
W15 6QY	SW15 6QY
W16 1NQ	SW16 1NQ
W16 2DF	SW16 2DF
W16 4RF	SW16 4RF
W17 6AD	SW17 6AD
W17 7BY	SW17 7BY
W17 7LL	SW17 7LL
W17 8AU	SW17 8AU
W17 8AZ	SW17 8AZ
W17 9RZ	SW17 9RZ
W17NN	NW1 7NN
W18 1GG	SW18 1GG
W18 1NY	SW18 1NY
W18 1TA	TW18 1TA
W183BB	SW18 3BB
W18 3BB	SW18 3BB
W18 4AZ	SW18 4AZ
W18 4JG	SW18 4JG
W18 4LH	SW18 4LH
W18 4PJ	SW18 4PJ
W18 4QS	SW18 4QS
W18 4RZ	SW18 4RZ
W18 4UT	SW18 4UT
W18 5BX	SW18 5BX
W18 5DA	SW18 5DA
W18 5JJ	SW18 5JJ
W18 5LJ	SW18 5LJ
W18 5ND	SW18 5ND
W18 5NU	SW18 5NU
W18 5PU	SW18 5PU
W18 5TF	SW18 5TF
W18 5UD	SW18 5UD
W1 8NH	NW1 8NH
W1 8NS	NW1 8NS
W1 8PS	NW1 8PS
W1 8QL	NW1 8QL
W19 1SH	SW19 1SH
W19 3RE	SW19 3RE
W19 6AY	SW19 6AY
W19 6QL	SW19 6QL
W19 6QU	SW19 6QU
W19 6RG	SW19 6RG
W19 8LY	SW19 8LY
W19 8NX	SW19 8NX
W1A 0AA	SW1A 0AA
W1P 9WZ	SW1P 9WZ
W1V 2EY	SW1V 2EY
W1W 9JZ	SW1W 9JZ
W20 8DQ	SW20 8DQ
W209ED	TW20 9ED
W20 9ED	TW20 9ED
W2 1EP	SW2 1EP
W2 1EW	SW2 1EW
W2 1QN	SW2 1QN
W21QX	SW2 1QX
W2 1QX	SW2 1QX
W2 2AZ	SW2 2AZ
W2 2RU	SW2 2RU
W2 4TH	SW2 4TH
W2 5AR	SW2 5AR
W2 5BH	NW2 5BH
W2 5HY	SW2 5HY
W2 6UT	NW2 6UT
W32DH	NW3 2DH
W3 2UN	NW3 2UN
W3 7XG	NW3 7XG
W4 6DH	SW4 6DH
W4 7RW	SW4 7RW
W4 7UN	SW4 7UN
W4 8QJ	SW4 8QJ
W5 0SA	TW5 0SA
W5 1AR	NW5 1AR
W5 1RD	NW5 1RD
W5 2AH	NW5 2AH
W5 2DS	NW5 2DS
W5 2JY	NW5 2JY
W5 2XD	NW5 2XD
W5 4BN	NW5 4BN
W6 1JU	NW6 1JU
W6 6LJ	NW6 6LJ
W6 7EL	NW6 7EL
W67JR	NW6 7JR
W6 7QL	NW6 7QL
W7 2HA	NW7 2HA
W7 2JS	SW7 2JS
W7 4LJ	TW7 4LJ
W7 5ET	TW7 5ET
W8 0PN	TW8 0PN
W8 4RJ	SW8 4RJ
W8 9RT	NW8 9RT
W9 0EX	SW9 0EX
W9 2SZ	TW9 2SZ
W9 6EY	NW9 6EY
W9 8AB	CW9 8AB
W98JX	SW9 8JX
W9 8JX	SW9 8JX
W9 9DL	SW9 9DL
X10 8LQ	OX10 8LQ
X1 1HP	OX1 1HP
X1 1JL	OX1 1JL
X1 1RD	OX1 1RD
X1 1TX	OX1 1TX
X12 8AZ	OX12 8AZ
X12 8DY	OX12 8DY
X1 2JQ	OX1 2JQ
X1 2LG	OX1 2LG
X1 2PD	EX1 2PD
X12RQ	OX1 2RQ
X1 3EY	OX1 3EY
X1 3JA	OX1 3JA
X14 5ER	OX14 5ER
X14 5GZ	OX14 5GZ
X14 5QB	OX14 5QB
X1 4LW	OX1 4LW
X1 4NX	OX1 4NX
X14TD	OX1 4TD
X1 4TD	OX1 4TD
X1 4TZ	OX1 4TZ
X1 5PG	OX1 5PG
X17 2DB	OX17 2DB
X183XU	OX18 3XU
X18 3XU	OX18 3XU
X2 0AT	OX2 0AT
X2 0BY	OX2 0BY
X2 0ED	OX2 0ED
X22 6TQ	EX22 6TQ
X23 9HN	EX23 9HN
X25 4SQ	OX25 4SQ
X2 6DR	OX2 6DR
X2 6JX	OX2 6JX
X2 6TF	OX2 6TF
X2 6TU	OX2 6TU
X27 7PT	OX27 7PT
X2 7HL	HX2 7HL
X2 7LH	OX2 7LH
X28 2JX	OX28 2JX
X28 3JW	OX28 3JW
X28 3LA	OX28 3LA
X28 3XU	OX28 3XU
X2 8QR	EX2 8QR
X2 9DS	OX2 9DS
X2 9ER	EX2 9ER
X2 9HW	OX2 9HW
X2 9LG	OX2 9LG
X3 0NP	HX3 0NP
X32 9JE	EX32 9JE
X3 7RD	OX3 7RD
X38 8DP	EX38 8DP
X39 1PJ	EX39 1PJ
X39 1RY	EX39 1RY
X39 1SE	EX39 1SE
X39 5LT	EX39 5LT
X3 9TT	OX3 9TT
X41AR	OX4 1AR
X4 1DD	OX4 1DD
X4 1JP	OX4 1JP
X41RG	OX4 1RG
X4 1RG	OX4 1RG
X4 1XP	OX4 1XP
X41XZ	OX4 1XZ
X4 1XZ	OX4 1XZ
X4 2PQ	OX4 2PQ
X4 3HJ	OX4 3HJ
X4 3RQ	OX4 3RQ
X43SE	OX4 3SE
X4 3TA	OX4 3TA
X44 7ST	OX44 7ST
X4 4BA	OX4 4BA
X4 4BB	OX4 4BB
X4 4BG	OX4 4BG
X4 4JH	OX4 4JH
X4 4NS	EX4 4NS
X4 4TN	OX4 4TN
X49 5JH	OX49 5JH
X49 5QE	OX49 5QE
X5 1SP	OX5 1SP
X5 1TF	OX5 1TF
X6 8AP	EX6 8AP
X7 5LJ	OX7 5LJ
X9 6AF	EX9 6AF
Y10 2HD	DY10 2HD
Y10 2NH	DY10 2NH
Y103AE	DY10 3AE
Y10 3AE	DY10 3AE
Y10 3AY	DY10 3AY
Y10 9FB	SY10 9FB
Y11  5RZ	DY11 5RZ
Y11 5RZ	DY11 5RZ
Y11 6JQ	DY11 6JQ
Y1 1AA	SY1 1AA
Y13 0DA	DY13 0DA
Y13 0NG	DY13 0NG
Y13 0UH	KY13 0UH
Y13 9QG	DY13 9QG
Y1 3BE	SY1 3BE
Y1 5EG	FY1 5EG
Y16 8YG	KY16 8YG
Y18 6DF	SY18 6DF
Y18 6LB	SY18 6LB
Y2 0SG	FY2 0SG
Y22 6AU	SY22 6AU
Y22 6UA	SY22 6UA
Y23 2DH	SY23 2DH
Y23 2NL	SY23 2NL
Y23 3SP	SY23 3SP
Y23 3TE	SY23 3TE
Y23 3TH	SY23 3TH
Y23 3TZ	SY23 3TZ
Y23 4AS	SY23 4AS
Y23 4ES	SY23 4ES
Y23 5HA	SY23 5HA
Y2 5HE	KY2 5HE
Y26UY	KY2 6UY
Y2 9QW	FY2 9QW
Y33RH	DY3 3RH
Y39AJ	KY3 9AJ
Y40BE	DY4 0BE
Y4 0JG	KY4 0JG
Y5 2QG	FY5 2QG
Y5 3DJ	FY5 3DJ
Y5 3GX	DY5 3GX
Y6 7NE	FY6 7NE
Y7 6LA	KY7 6LA
Y7 8LL	FY7 8LL
Y81GP	SY8 1GP
Y8 1HN	FY8 1HN
Y8 1JL	FY8 1JL
Y8 2LQ	DY8 2LQ
Y8 4AA	DY8 4AA
Y8 4EX	FY8 4EX
Y8 5DP	KY8 5DP
Y9 0AA	DY9 0AA
Y9 0PP	DY9 0PP
